0.000000 0.000000 1000.000000 -1290.000000 
0.707107 0.707107 997.800000 -1290.000000 
2.120209 2.122430 993.400000 -1290.000000 
3.529971 3.541078 989.000013 -1289.992468 
4.935269 4.964147 984.600181 -1289.958793 
6.336089 6.391625 980.200867 -1289.884335 
7.732419 7.823496 975.802528 -1289.765513 
9.124242 9.259747 971.405610 -1289.602341 
10.511547 10.700363 967.010559 -1289.394901 
11.894320 12.145331 962.617813 -1289.143310 
13.272546 13.594635 958.227810 -1288.847694 
14.646212 15.048262 953.840983 -1288.508187 
16.015304 16.506198 949.457761 -1288.124927 
17.379810 17.968427 945.078571 -1287.698058 
18.739715 19.434936 940.703835 -1287.227731 
20.095006 20.905710 936.333971 -1286.714102 
21.445670 22.380734 931.969394 -1286.157330 
22.791693 23.859995 927.610514 -1285.557583 
24.133063 25.343476 923.257738 -1284.915032 
25.469765 26.831165 918.911467 -1284.229855 
26.801787 28.323045 914.572100 -1283.502232 
28.129116 29.819103 910.240031 -1282.732350 
29.451738 31.319323 905.915649 -1281.920402 
30.769640 32.823691 901.599337 -1281.066584 
32.082810 34.332192 897.291478 -1280.171097 
33.391235 35.844811 892.992446 -1279.234147 
34.694900 37.361533 888.702612 -1278.255944 
35.993795 38.882343 884.422343 -1277.236702 
37.287905 40.407226 880.152000 -1276.176642 
38.577219 41.936168 875.891939 -1275.075986 
39.861722 43.469152 871.642512 -1273.934961 
41.141404 45.006164 867.404066 -1272.753799 
42.416250 46.547188 863.176943 -1271.532734 
43.686249 48.092210 858.961478 -1270.272007 
44.951388 49.641214 854.758004 -1268.971859 
46.211654 51.194186 850.566848 -1267.632536 
47.467035 52.751108 846.388329 -1266.254289 
48.717519 54.311967 842.222765 -1264.837370 
49.963093 55.876747 838.070465 -1263.382036 
51.203745 57.445432 833.931736 -1261.888546 
52.439463 59.018007 829.806877 -1260.357162 
53.670234 60.594456 825.696184 -1258.788151 
54.896046 62.174764 821.599945 -1257.181781 
56.116888 63.758915 817.518444 -1255.538322 
57.332747 65.346894 813.451961 -1253.858048 
58.543612 66.938685 809.400768 -1252.141236 
59.749469 68.534272 805.365133 -1250.388165 
60.950308 70.133639 801.345317 -1248.599115 
62.146117 71.736771 797.341579 -1246.774369 
63.336883 73.343652 793.354169 -1244.914213 
64.522595 74.954266 789.383332 -1243.018934 
65.703242 76.568597 785.429309 -1241.088822 
66.878811 78.186629 781.492336 -1239.124167 
68.049291 79.808346 777.572640 -1237.125263 
69.214670 81.433732 773.670446 -1235.092404 
70.374938 83.062772 769.785971 -1233.025885 
71.530082 84.695448 765.919430 -1230.926005 
72.680091 86.331745 762.071028 -1228.793061 
73.824954 87.971648 758.240967 -1226.627354 
74.964659 89.615138 754.429445 -1224.429185 
76.099195 91.262202 750.636651 -1222.198855 
77.228552 92.912821 746.862771 -1219.936669 
78.352717 94.566980 743.107984 -1217.642929 
79.471680 96.224663 739.372467 -1215.317941 
80.585430 97.885852 735.656386 -1212.962009 
81.693956 99.550533 731.959907 -1210.575439 
82.797246 101.218688 728.283188 -1208.158539 
83.895291 102.890300 724.626382 -1205.711613 
84.988078 104.565354 720.989636 -1203.234971 
86.075598 106.243833 717.373093 -1200.728918 
87.157839 107.925720 713.776890 -1198.193762 
88.234791 109.610999 710.201160 -1195.629812 
89.306443 111.299653 706.646029 -1193.037373 
90.372785 112.991665 703.111619 -1190.416754 
91.433806 114.687019 699.598047 -1187.768262 
92.489496 116.385697 696.105424 -1185.092204 
93.539844 118.087684 692.633857 -1182.388886 
94.584840 119.792962 689.183448 -1179.658615 
95.624473 121.501515 685.754292 -1176.901696 
96.658734 123.213326 682.346482 -1174.118435 
97.687611 124.928377 678.960104 -1171.309136 
98.711096 126.646652 675.595240 -1168.474103 
99.729178 128.368134 672.251968 -1165.613639 
100.741846 130.092806 668.930359 -1162.728046 
101.749091 131.820650 665.630483 -1159.817626 
102.750903 133.551651 662.352401 -1156.882680 
103.747272 135.285790 659.096171 -1153.923507 
104.738188 137.023051 655.861849 -1150.940405 
105.723642 138.763416 652.649484 -1147.933671 
106.703623 140.506869 649.459119 -1144.903602 
107.678122 142.253392 646.290797 -1141.850492 
108.647129 144.002967 643.144552 -1138.774635 
109.610636 145.755579 640.020417 -1135.676323 
110.568631 147.511208 636.918420 -1132.555848 
111.521106 149.269839 633.838583 -1129.413497 
112.468052 151.031453 630.780927 -1126.249560 
113.409459 152.796033 627.745466 -1123.064322 
114.345317 154.563562 624.732211 -1119.858068 
115.275618 156.334022 621.741170 -1116.631081 
116.200352 158.107397 618.772346 -1113.383643 
117.119511 159.883667 615.825738 -1110.116033 
118.033085 161.662817 612.901341 -1106.828529 
118.941065 163.444828 609.999147 -1103.521407 
119.843442 165.229682 607.119145 -1100.194942 
120.740207 167.017363 604.261319 -1096.849405 
121.631352 168.807852 601.425649 -1093.485068 
122.516867 170.601132 598.612112 -1090.102198 
123.396744 172.397185 595.820683 -1086.701063 
124.270975 174.195993 593.051332 -1083.281926 
125.139550 175.997539 590.304026 -1079.845052 
126.002461 177.801805 587.578728 -1076.390699 
126.859699 179.608772 584.875399 -1072.919126 
127.711257 181.418424 582.193995 -1069.430590 
128.557125 183.230743 579.534472 -1065.925344 
129.397295 185.045709 576.896779 -1062.403641 
130.231760 186.863306 574.280865 -1058.865730 
131.060510 188.683516 571.686675 -1055.311860 
131.883538 190.506320 569.114151 -1051.742274 
132.700835 192.331701 566.563231 -1048.157217 
133.512393 194.159641 564.033853 -1044.556929 
134.318205 195.990121 561.525949 -1040.941650 
135.118263 197.823123 559.039451 -1037.311614 
135.912557 199.658630 556.574286 -1033.667056 
136.701082 201.496624 554.130381 -1030.008209 
137.483828 203.337085 551.707659 -1026.335300 
138.260789 205.179996 549.306040 -1022.648558 
139.031956 207.025340 546.925442 -1018.948207 
139.797322 208.873096 544.565782 -1015.234469 
140.556879 210.723249 542.226972 -1011.507564 
141.310620 212.575778 539.908924 -1007.767711 
142.058537 214.430666 537.611548 -1004.015123 
142.800624 216.287894 535.334749 -1000.250014 
143.536872 218.147445 533.078432 -996.472595 
144.267275 220.009300 530.842501 -992.683074 
144.991825 221.873439 528.626856 -988.881656 
145.710515 223.739846 526.431396 -985.068544 
146.423337 225.608502 524.256017 -981.243941 
147.130286 227.479388 522.100614 -977.408043 
147.831354 229.352485 519.965081 -973.561048 
148.526534 231.227776 517.849309 -969.703149 
149.215819 233.105241 515.753188 -965.834539 
149.899202 234.984863 513.676605 -961.955404 
150.576677 236.866622 511.619447 -958.065934 
151.248237 238.750500 509.581599 -954.166311 
151.913875 240.636479 507.562943 -950.256719 
152.573585 242.524540 505.563363 -946.337336 
153.227361 244.414664 503.582737 -942.408339 
153.875195 246.306832 501.620946 -938.469905 
154.517081 248.201026 499.677866 -934.522206 
155.153014 250.097228 497.753374 -930.565411 
155.782986 251.995418 495.847345 -926.599689 
156.406992 253.895577 493.959652 -922.625206 
157.025025 255.797688 492.090169 -918.642126 
157.637079 257.701731 490.238766 -914.650608 
158.243149 259.607687 488.405315 -910.650813 
158.843228 261.515538 486.589684 -906.642898 
159.437311 263.425265 484.791742 -902.627015 
160.025391 265.336849 483.011356 -898.603319 
160.607462 267.250270 481.248392 -894.571958 
161.183520 269.165511 479.502715 -890.533081 
161.753558 271.082552 477.774192 -886.486834 
162.317570 273.001375 476.062684 -882.433359 
162.875552 274.921960 474.368055 -878.372799 
163.427497 276.844289 472.690168 -874.305292 
163.973400 278.768341 471.028883 -870.230975 
164.513256 280.694100 469.384062 -866.149985 
165.047059 282.621545 467.755564 -862.062453 
165.574805 284.550657 466.143249 -857.968510 
166.096487 286.481418 464.546976 -853.868286 
166.612101 288.413809 462.966603 -849.761907 
167.121642 290.347809 461.401989 -845.649497 
167.625104 292.283401 459.852989 -841.531181 
168.122484 294.220565 458.319461 -837.407078 
168.613775 296.159282 456.801262 -833.277307 
169.098972 298.099533 455.298247 -829.141986 
169.578072 300.041298 453.810272 -825.001229 
170.051070 301.984559 452.337192 -820.855150 
170.517960 303.929297 450.878862 -816.703860 
170.978738 305.875491 449.435136 -812.547467 
171.433400 307.823124 448.005870 -808.386081 
171.881941 309.772175 446.590916 -804.219805 
172.324357 311.722626 445.190129 -800.048745 
172.760643 313.674457 443.803362 -795.873003 
173.190795 315.627649 442.430469 -791.692679 
173.614808 317.582183 441.071304 -787.507871 
174.032680 319.538039 439.725718 -783.318676 
174.444404 321.495199 438.393567 -779.125191 
174.849978 323.453642 437.074701 -774.927507 
175.249398 325.413350 435.768975 -770.725718 
175.642659 327.374303 434.476241 -766.519913 
176.029757 329.336481 433.196353 -762.310182 
176.410689 331.299866 431.929162 -758.096610 
176.785452 333.264438 430.674523 -753.879284 
177.154040 335.230178 429.432287 -749.658288 
177.516451 337.197066 428.202308 -745.433704 
177.872681 339.165083 426.984440 -741.205612 
178.222727 341.134209 425.778535 -736.974093 
178.566585 343.104425 424.584446 -732.739224 
178.904251 345.075712 423.402028 -728.501082 
179.235723 347.048050 422.231134 -724.259741 
179.560997 349.021419 421.071617 -720.015276 
179.880070 350.995801 419.923331 -715.767758 
180.192938 352.971175 418.786132 -711.517258 
180.499600 354.947523 417.659872 -707.263847 
180.800050 356.924824 416.544408 -703.007592 
181.094288 358.903059 415.439593 -698.748560 
181.382309 360.882209 414.345283 -694.486817 
181.664111 362.862253 413.261333 -690.222426 
181.939691 364.843174 412.187600 -685.955452 
182.209047 366.824950 411.123938 -681.685956 
182.472175 368.807563 410.070205 -677.413998 
182.729074 370.790993 409.026257 -673.139639 
182.979740 372.775220 407.991951 -668.862936 
183.224171 374.760224 406.967145 -664.583947 
183.462365 376.745987 405.951695 -660.302728 
183.694320 378.732488 404.945462 -656.019333 
183.920032 380.719709 403.948302 -651.733816 
184.139501 382.707628 402.960075 -647.446231 
184.352723 384.696227 401.980640 -643.156629 
184.559696 386.685486 401.009857 -638.865060 
184.760420 388.675386 400.047586 -634.571575 
184.954890 390.665906 399.093688 -630.276222 
185.143107 392.657028 398.148023 -625.979048 
185.325067 394.648731 397.210454 -621.680101 
185.500769 396.640995 396.280842 -617.379426 
185.670211 398.633802 395.359050 -613.077068 
185.833392 400.627132 394.444940 -608.773071 
185.990310 402.620964 393.538377 -604.467478 
186.140964 404.615279 392.639223 -600.160332 
186.285351 406.610058 391.747345 -595.851674 
186.423471 408.605281 390.862605 -591.541543 
186.555322 410.600927 389.984871 -587.229981 
186.680903 412.596978 389.114007 -582.917026 
186.800213 414.593414 388.249881 -578.602715 
186.913249 416.590215 387.392359 -574.287087 
187.020013 418.587360 386.541310 -569.970178 
187.120501 420.584832 385.696601 -565.652024 
187.214714 422.582609 384.858101 -561.332659 
187.302650 424.580673 384.025679 -557.012119 
187.384309 426.579002 383.199206 -552.690438 
187.459689 428.577579 382.378552 -548.367647 
187.528790 430.576382 381.563587 -544.043780 
187.591612 432.575393 380.754184 -539.718869 
187.648153 434.574591 379.950214 -535.392944 
187.698413 436.573957 379.151550 -531.066037 
187.742392 438.573471 378.358067 -526.738176 
187.780088 440.573113 377.569637 -522.409392 
187.811503 442.572864 376.786135 -518.079713 
187.836635 444.572704 376.007437 -513.749168 
187.855484 446.572612 375.233418 -509.417784 
187.868051 448.572570 374.463954 -505.085588 
187.874334 450.572558 373.698924 -500.752607 
187.874334 452.572556 372.938204 -496.418867 
187.868051 454.572543 372.181673 -492.084394 
187.855484 456.572501 371.429209 -487.749213 
187.836635 458.572410 370.680692 -483.413349 
187.811503 460.572250 369.936003 -479.076826 
187.780088 462.572000 369.195022 -474.739667 
187.742392 464.571643 368.457630 -470.401897 
187.698413 466.571157 367.723710 -466.063538 
187.648153 468.570522 366.993145 -461.724613 
187.591612 470.569721 366.265817 -457.385144 
187.528790 472.568731 365.541611 -453.045153 
187.459689 474.567535 364.820411 -448.704661 
187.384309 476.566111 364.102104 -444.363690 
187.302650 478.564441 363.386573 -440.022259 
187.214714 480.562504 362.673707 -435.680391 
187.120501 482.560282 361.963393 -431.338105 
187.020013 484.557753 361.255518 -426.995420 
186.913249 486.554899 360.549971 -422.652356 
186.800213 488.551700 359.846641 -418.308933 
186.680903 490.548135 359.145419 -413.965169 
186.555322 492.544186 358.446194 -409.621083 
186.423471 494.539833 357.748858 -405.276693 
186.285351 496.535055 357.053302 -400.932018 
186.140964 498.529834 356.359420 -396.587075 
185.990310 500.524150 355.667104 -392.241883 
185.833392 502.517982 354.976248 -387.896458 
185.670211 504.511311 354.286747 -383.550818 
185.500769 506.504118 353.598495 -379.204980 
185.325067 508.496383 352.911390 -374.858960 
185.143107 510.488086 352.225326 -370.512776 
184.954890 512.479207 351.540201 -366.166444 
184.760420 514.469728 350.855914 -361.819980 
184.559696 516.459627 350.172362 -357.473400 
184.352723 518.448886 349.489444 -353.126720 
184.139501 520.437486 348.807061 -348.779957 
183.920032 522.425405 348.125112 -344.433125 
183.694320 524.412625 347.443499 -340.086241 
183.462365 526.399126 346.762124 -335.739319 
183.224171 528.384889 346.080889 -331.392375 
182.979740 530.369894 345.399697 -327.045425 
182.729074 532.354121 344.718451 -322.698483 
182.472175 534.337550 344.037057 -318.351564 
182.209047 536.320163 343.355419 -314.004684 
181.939691 538.301940 342.673443 -309.657857 
181.664111 540.282860 341.991035 -305.311097 
181.382309 542.262905 341.308102 -300.964420 
181.094288 544.242055 340.624552 -296.617840 
180.800050 546.220290 339.940294 -292.271371 
180.499600 548.197591 339.255236 -287.925028 
180.192938 550.173938 338.569287 -283.578826 
179.880070 552.149313 337.882359 -279.232778 
179.560997 554.123694 337.194361 -274.886900 
179.235723 556.097064 336.505206 -270.541205 
178.904251 558.069402 335.814806 -266.195708 
178.566585 560.040688 335.123074 -261.850422 
178.222727 562.010905 334.429923 -257.505363 
177.872681 563.980031 333.735267 -253.160544 
177.516451 565.948048 333.039021 -248.815979 
177.154040 567.914936 332.341101 -244.471683 
176.785452 569.880675 331.641422 -240.127670 
176.410689 571.845247 330.939902 -235.783954 
176.029757 573.808632 330.236458 -231.440549 
175.642659 575.770811 329.531007 -227.097470 
175.249398 577.731764 328.823469 -222.754730 
174.849978 579.691472 328.113762 -218.412344 
174.444404 581.649915 327.401807 -214.070327 
174.032680 583.607074 326.687525 -209.728691 
173.614808 585.562930 325.970835 -205.387452 
173.190795 587.517464 325.251660 -201.046624 
172.760643 589.470656 324.529924 -196.706222 
172.324357 591.422487 323.805547 -192.366259 
171.881941 593.372938 323.078455 -188.026751 
171.433400 595.321990 322.348571 -183.687711 
170.978738 597.269622 321.615821 -179.349154 
170.517960 599.215817 320.880130 -175.011095 
170.051070 601.160554 320.141425 -170.673548 
169.578072 603.103815 319.399631 -166.336528 
169.098972 605.045581 318.654676 -162.000050 
168.613775 606.985832 317.906489 -157.664129 
168.122484 608.924549 317.154998 -153.328779 
167.625104 610.861713 316.400133 -148.994016 
167.121642 612.797304 315.641822 -144.659854 
166.612101 614.731305 314.879997 -140.326308 
166.096487 616.663695 314.114589 -135.993393 
165.574805 618.594456 313.345530 -131.661126 
165.047059 620.523569 312.572750 -127.329520 
164.513256 622.451014 311.796185 -122.998591 
163.973400 624.376772 311.015766 -118.668355 
163.427497 626.300825 310.231428 -114.338828 
162.875552 628.223153 309.443107 -110.010024 
162.317570 630.143738 308.650736 -105.681959 
161.753558 632.062561 307.854252 -101.354649 
161.183520 633.979602 307.053591 -97.028110 
160.607462 635.894843 306.248691 -92.702358 
160.025391 637.808265 305.439489 -88.377409 
159.437311 639.719849 304.625923 -84.053278 
158.843228 641.629575 303.807932 -79.729983 
158.243149 643.537426 302.985455 -75.407538 
157.637079 645.443383 302.158433 -71.085961 
157.025025 647.347426 301.326806 -66.765268 
156.406992 649.249536 300.490515 -62.445475 
155.782986 651.149696 299.649501 -58.126599 
155.153014 653.047886 298.803708 -53.808656 
154.517081 654.944087 297.953077 -49.491664 
153.875195 656.838282 297.097552 -45.175639 
153.227361 658.730450 296.237078 -40.860598 
152.573585 660.620574 295.371599 -36.546558 
151.913875 662.508634 294.501059 -32.233537 
151.248237 664.394613 293.625405 -27.921551 
150.576677 666.278491 292.744583 -23.610618 
149.899202 668.160251 291.858539 -19.300755 
149.215819 670.039872 290.967221 -14.991980 
148.526534 671.917338 290.070577 -10.684309 
147.831354 673.792628 289.168555 -6.377762 
147.130286 675.665726 288.261104 -2.072356 
146.423337 677.536612 287.348174 2.231892 
145.710515 679.405267 286.429715 6.534964 
144.991825 681.271674 285.505677 10.836841 
144.267275 683.135814 284.576012 15.137505 
143.536872 684.997668 283.640671 19.436939 
142.800624 686.857219 282.699607 23.735123 
142.058537 688.714448 281.752773 28.032040 
141.310620 690.569336 280.800121 32.327671 
140.556879 692.421865 279.841606 36.621998 
139.797322 694.272017 278.877181 40.915001 
139.031956 696.119774 277.906803 45.206662 
138.260789 697.965117 276.930426 49.496963 
137.483828 699.808028 275.948006 53.785884 
136.701082 701.648490 274.959500 58.073406 
135.912557 703.486483 273.964865 62.359510 
135.118263 705.321990 272.964058 66.644178 
134.318205 707.154993 271.957038 70.927389 
133.512393 708.985473 270.943762 75.209125 
132.700835 710.813412 269.924190 79.489366 
131.883538 712.638793 268.898282 83.768092 
131.060510 714.461598 267.865997 88.045285 
130.231760 716.281807 266.827297 92.320924 
129.397295 718.099404 265.782142 96.594990 
128.557125 719.914371 264.730494 100.867463 
127.711257 721.726689 263.672315 105.138323 
126.859699 723.536341 262.607567 109.407550 
126.002461 725.343309 261.536214 113.675125 
125.139550 727.147574 260.458219 117.941026 
124.270975 728.949120 259.373546 122.205235 
123.396744 730.747929 258.282160 126.467730 
122.516867 732.543982 257.184026 130.728491 
121.631352 734.337261 256.079109 134.987499 
120.740207 736.127750 254.967376 139.244732 
119.843442 737.915431 253.848792 143.500171 
118.941065 739.700286 252.723325 147.753794 
118.033085 741.482297 251.590942 152.005582 
117.119511 743.261446 250.451611 156.255513 
116.200352 745.037717 249.305301 160.503566 
115.275618 746.811091 248.151980 164.749722 
114.345317 748.581552 246.991617 168.993958 
113.409459 750.349081 245.824183 173.236256 
112.468052 752.113661 244.649647 177.476592 
111.521106 753.875275 243.467981 181.714947 
110.568631 755.633905 242.279155 185.951299 
109.610636 757.389535 241.083141 190.185627 
108.647129 759.142146 239.879911 194.417910 
107.678122 760.891722 238.669437 198.648128 
106.703623 762.638244 237.451693 202.876258 
105.723642 764.381697 236.226652 207.102280 
104.738188 766.122062 234.994287 211.326172 
103.747272 767.859323 233.754574 215.547913 
102.750903 769.593463 232.507486 219.767481 
101.749091 771.324463 231.252999 223.984855 
100.741846 773.052308 229.991088 228.200014 
99.729178 774.776980 228.721730 232.412937 
98.711096 776.498462 227.444901 236.623601 
97.687611 778.216737 226.160577 240.831985 
96.658734 779.931788 224.868737 245.038068 
95.624473 781.643598 223.569357 249.241828 
94.584840 783.352151 222.262417 253.443243 
93.539844 785.057429 220.947893 257.642292 
92.489496 786.759416 219.625766 261.838953 
91.433806 788.458095 218.296015 266.033205 
90.372785 790.153449 216.958620 270.225025 
89.306443 791.845461 215.613561 274.414392 
88.234791 793.534114 214.260818 278.601285 
87.157839 795.219393 212.900372 282.785681 
86.075598 796.901280 211.532206 286.967559 
84.988078 798.579759 210.156300 291.146897 
83.895291 800.254813 208.772637 295.323674 
82.797246 801.926426 207.381200 299.497866 
81.693956 803.594581 205.981971 303.669454 
80.585430 805.259261 204.574934 307.838414 
79.471680 806.920451 203.160073 312.004726 
78.352717 808.578134 201.737372 316.168367 
77.228552 810.232293 200.306816 320.329315 
76.099195 811.882912 198.868389 324.487549 
74.964659 813.529975 197.422077 328.643047 
73.824954 815.173466 195.967865 332.795787 
72.680091 816.813368 194.505739 336.945748 
71.530082 818.449665 193.035687 341.092907 
70.374938 820.082342 191.557695 345.237243 
69.214670 821.711381 190.071749 349.378734 
68.049291 823.336768 188.577838 353.517358 
66.878811 824.958485 187.075949 357.653094 
65.703242 826.576517 185.566071 361.785920 
64.522595 828.190848 184.048192 365.915814 
63.336883 829.801462 182.522302 370.042755 
62.146117 831.408342 180.988389 374.166720 
60.950308 833.011474 179.446443 378.287689 
59.749469 834.610842 177.896454 382.405640 
58.543612 836.206429 176.338414 386.520551 
57.332747 837.798219 174.772311 390.632400 
56.116888 839.386198 173.198138 394.741166 
54.896046 840.970349 171.615886 398.846828 
53.670234 842.550657 170.025547 402.949364 
52.439463 844.127107 168.427112 407.048753 
51.203745 845.699682 166.820574 411.144973 
49.963093 847.268367 165.205927 415.238003 
48.717519 848.833146 163.583162 419.327821 
47.467035 850.394005 161.952273 423.414407 
46.211654 851.950928 160.313254 427.497739 
44.951388 853.503899 158.666099 431.577795 
43.686249 855.052903 157.010803 435.654556 
42.416250 856.597925 155.347360 439.727998 
41.141404 858.138950 153.675765 443.798103 
39.861722 859.675962 151.996013 447.864848 
38.577219 861.208946 150.308100 451.928212 
37.287905 862.737887 148.612022 455.988175 
35.993795 864.262770 146.907775 460.044716 
34.694900 865.783580 145.195356 464.097814 
33.391235 867.300302 143.474761 468.147447 
32.082810 868.812921 141.745988 472.193597 
30.769640 870.321422 140.009034 476.236241 
29.451738 871.825790 138.263896 480.275359 
28.129116 873.326010 136.510573 484.310930 
26.801787 874.822068 134.749063 488.342935 
25.469765 876.313949 132.979365 492.371353 
24.133063 877.801637 131.201477 496.396163 
22.791693 879.285119 129.415399 500.417345 
21.445670 880.764379 127.621130 504.434878 
20.095006 882.239404 125.818669 508.448744 
18.739715 883.710177 124.008017 512.458921 
17.379810 885.176686 122.189175 516.465390 
16.015304 886.638916 120.362142 520.468130 
14.646212 888.096851 118.526919 524.467122 
13.272546 889.550478 116.683507 528.462346 
11.894320 890.999783 114.831909 532.453782 
10.511547 892.444750 112.972124 536.441410 
9.124242 893.885367 111.104156 540.425212 
7.732419 895.321617 109.228007 544.405167 
6.336089 896.753489 107.343678 548.381256 
4.935269 898.180966 105.451172 552.353460 
3.529971 899.604036 103.550492 556.321759 
2.120209 901.022683 101.641642 560.286134 
0.705997 902.436895 99.724625 564.246566 
-0.712651 903.846657 97.799444 568.203037 
-2.135720 905.251955 95.866104 572.155526 
-3.563198 906.652776 93.924607 576.104016 
-4.995069 908.049105 91.974960 580.048487 
-6.431320 909.440929 90.017166 583.988922 
-7.871936 910.828234 88.051230 587.925300 
-9.316904 912.211006 86.077158 591.857604 
-10.766208 913.589232 84.094954 595.785816 
-12.219835 914.962898 82.104624 599.709917 
-13.677771 916.331990 80.106174 603.629888 
-15.140000 917.696496 78.099610 607.545713 
-16.606509 919.056401 76.084938 611.457371 
-18.077283 920.411692 74.062164 615.364847 
-19.552307 921.762356 72.031296 619.268122 
-21.031568 923.108380 69.992340 623.167178 
-22.515049 924.449749 67.945303 627.061997 
-24.002738 925.786451 65.890192 630.952563 
-25.494618 927.118474 63.827015 634.838857 
-26.990676 928.445802 61.755780 638.720862 
-28.490896 929.768424 59.676495 642.598561 
-29.995264 931.086327 57.589167 646.471937 
-31.503765 932.399497 55.493806 650.340973 
-33.016384 933.707921 53.390419 654.205652 
-34.533106 935.011587 51.279016 658.065958 
-36.053916 936.310481 49.159606 661.921872 
-37.578799 937.604592 47.032197 665.773380 
-39.107740 938.893905 44.896798 669.620463 
-40.640725 940.178409 42.753421 673.463107 
-42.177736 941.458090 40.602073 677.301295 
-43.718761 942.732937 38.442766 681.135010 
-45.263783 944.002935 36.275509 684.964236 
-46.812787 945.268074 34.100313 688.788959 
-48.365758 946.528340 31.917188 692.609161 
-49.922681 947.783722 29.726144 696.424827 
-51.483540 949.034205 27.527193 700.235941 
-53.048320 950.279779 25.320346 704.042489 
-54.617005 951.520431 23.105614 707.844454 
-56.189580 952.756149 20.883008 711.641822 
-57.766029 953.986920 18.652540 715.434577 
-59.346337 955.212733 16.414222 719.222705 
-60.930488 956.433575 14.168065 723.006190 
-62.518467 957.649434 11.914082 726.785018 
-64.110258 958.860298 9.652285 730.559174 
-65.705845 960.066156 7.382686 734.328643 
-67.305212 961.266995 5.105299 738.093412 
-68.908344 962.462803 2.820134 741.853466 
-70.515225 963.653569 0.527207 745.608791 
-72.125839 964.839282 -1.773470 749.359372 
-73.740170 966.019928 -4.081885 753.105197 
-75.358202 967.195497 -6.398023 756.846251 
-76.979919 968.365977 -8.721871 760.582520 
-78.605305 969.531357 -11.053416 764.313992 
-80.234344 970.691624 -13.392643 768.040652 
-81.867021 971.846768 -15.739538 771.762488 
-83.503318 972.996777 -18.094087 775.479486 
-85.143221 974.141640 -20.456277 779.191634 
-86.786711 975.281345 -22.826091 782.898918 
-88.433775 976.415882 -25.203516 786.601327 
-90.084394 977.545238 -27.588538 790.298847 
-91.738553 978.669404 -29.981140 793.991466 
-93.396236 979.788367 -32.381308 797.679171 
-95.057425 980.902117 -34.789027 801.361951 
-96.722106 982.010642 -37.204281 805.039794 
-98.390261 983.113933 -39.627055 808.712687 
-100.061873 984.211977 -42.057333 812.380620 
-101.736927 985.304764 -44.495100 816.043579 
-103.415406 986.392284 -46.940339 819.701555 
-105.097293 987.474525 -49.393035 823.354535 
-106.782572 988.551477 -51.853171 827.002509 
-108.471226 989.623129 -54.320731 830.645465 
-110.163238 990.689471 -56.795698 834.283392 
-111.858592 991.750492 -59.278056 837.916281 
-113.557270 992.806182 -61.767788 841.544119 
-115.259257 993.856530 -64.264878 845.166898 
-116.964535 994.901526 -66.769308 848.784606 
-118.673088 995.941159 -69.281061 852.397233 
-120.384899 996.975420 -71.800120 856.004770 
-122.099950 998.004298 -74.326468 859.607206 
-123.818225 999.027783 -76.860087 863.204532 
-125.539707 1000.045864 -79.400959 866.796739 
-127.264379 1001.058533 -81.949067 870.383817 
-128.992223 1002.065778 -84.504393 873.965756 
-130.723224 1003.067590 -87.066918 877.542548 
-132.457363 1004.063959 -89.636626 881.114185 
-134.194624 1005.054875 -92.213496 884.680656 
-135.934989 1006.040328 -94.797512 888.241954 
-137.678442 1007.020309 -97.388655 891.798070 
-139.424965 1007.994808 -99.986905 895.348996 
-141.174540 1008.963816 -102.592245 898.894723 
-142.927152 1009.927322 -105.204655 902.435245 
-144.682781 1010.885317 -107.824117 905.970553 
-146.441411 1011.837793 -110.450611 909.500640 
-148.203026 1012.784738 -113.084118 913.025497 
-149.967606 1013.726145 -115.724619 916.545119 
-151.735135 1014.662003 -118.372094 920.059497 
-153.505595 1015.592304 -121.026524 923.568626 
-155.278970 1016.517039 -123.687888 927.072498 
-157.055240 1017.436197 -126.356169 930.571106 
-158.834390 1018.349771 -129.031344 934.064445 
-160.616401 1019.257751 -131.713395 937.552509 
-162.401255 1020.160128 -134.402300 941.035290 
-164.188936 1021.056893 -137.098041 944.512784 
-165.979425 1021.948038 -139.800595 947.984985 
-167.772705 1022.833553 -142.509944 951.451888 
-169.568758 1023.713431 -145.226065 954.913487 
-171.367566 1024.587661 -147.948939 958.369777 
-173.169112 1025.456236 -150.678544 961.820753 
-174.973378 1026.319147 -153.414859 965.266411 
-176.780345 1027.176386 -156.157863 968.706747 
-178.589997 1028.027943 -158.907536 972.141756 
-180.402315 1028.873811 -161.663854 975.571433 
-182.217282 1029.713982 -164.426797 978.995777 
-184.034879 1030.548446 -167.196343 982.414782 
-185.855089 1031.377196 -169.972471 985.828445 
-187.677893 1032.200224 -172.755157 989.236764 
-189.503274 1033.017521 -175.544381 992.639736 
-191.331214 1033.829080 -178.340119 996.037357 
-193.161694 1034.634892 -181.142350 999.429625 
-194.994696 1035.434949 -183.951050 1002.816539 
-196.830203 1036.229244 -186.766197 1006.198096 
-198.668197 1037.017768 -189.587768 1009.574295 
-200.508658 1037.800515 -192.415740 1012.945134 
-202.351569 1038.577475 -195.250090 1016.310613 
-204.196913 1039.348642 -198.090794 1019.670730 
-206.044669 1040.114008 -200.937828 1023.025484 
-207.894821 1040.873565 -203.791169 1026.374877 
-209.747351 1041.627306 -206.650792 1029.718907 
-211.602239 1042.375224 -209.516673 1033.057576 
-213.459467 1043.117310 -212.388788 1036.390883 
